3934363230
1512797677
1512795748
1512878076
343524
1160205991
303096360
6231313733
2659611
3139393731
831510
487243257
1298446325
1160216247
1160251527
1160259042
1160259454
477927812
1160290784
164243
1960887166
20140803
1545343524
1512881487
1527350400
9224519256
7662696
1160298584
1512878020
1160489579
1160483028
1160286228
1160503447
860770
1493037322
3427559814
1512876141
1426987382
8393939
1160216892
1160288703
1518074420
3151190331
7626737
1516550400
4517508
6861707079
1545729635
1000134
1513063484
2551662275
1673450172
1512882500
1521408905
1160287787
385875968
1390029904
1369815402
1160210820
1512799826
6668999
898702
1160506967
433264150
1512877904
6838302
838235198
4605012
5586124
2936180679
6568797432
678985523
50469443
1160511620
1160310724
1160245004
1644905863
1512883583
1512872144
1167211968
1512820979
1512795913
936058
1512881614
1512786373
66798649
540699
1160511824
1137374781
9231261314
1160482832
2764836124
2891810930
405238
1544781024
858698834
2999050600
906345
911374883
1160780462
285014
1160234487
901798
1160238549
1160291756
1512875932
5348879
1160243825
1160309551
89221129
9162992
1160219127
945236
1160238835
1160502551
364537
891828
1160244524
906665
1021115679
16082431
2435723579
9035033
419650
1512794215
1341857848
951130
1160244292
1806111111
324270329
9818732393
1160292673
523020
1100018
1722923475
3932333132
2955139947
1160286416
5565310
5240125500
453155
1512883435
1160247916
1512808087
1160479118
1512970682
1529856000
957692
271552
642948
34412951
1437499
109270
1160468261
1390223844
46083972
1160255798
1536595200
1160517493
7993095
9047295
1160213970
1160503948
1136511050
1160325606
68891644
7863677375
1070002
1161076662
1160217138
1512881589
3242703290
1512883533
174696
1735660800
1567569882
1512816926
1010007
1160230425
1160318807
1120017796
4333403
653628395
199716
523010
3327106661
407818054
1515153402
1160322580
1160507447
72696573
7385757
1160214953
1512875148
1512788081
1514955376
1512883739
1512882381
1512788000
1539014400
4767204
1301081196
1173946209
9516217
1160503849
766367
2230300
1515168000
1475856000
1160219203
1233525048
876485
1160305986
7988327
1160303140
1895798406
1518019200
1512815231
1160468391
345685
73531301
1512884994
1545548809
2747195532
1403532782
1451750400
749868
1512876192
1512784748
1456502400
209715200
1160490035
593925
742637
1512795320
1512316800
1160512454
1512881209
1661816820
895455
301989888
1512788012
1160290563
8948284
1444968493
523030
6878935
1160244402
1490499528
2901545343
1160321113
1160298199
792055
1160281839
50000076
8401141545
354328
7537510
1160242833
1547568630
2397731114
506331
1550206011
1160211226
1160308436
1160342339
723709
1512810015
1160502356
1160347631
572000
1512810046
1544544000
1644928
3631333134
821000
1512881259
1512872105
422944012
1160216849
1512788646
1512874984
1160490255
81460122
1452268800
5338019
1008429028
2943809801
1517658534
1443571324
1512788666
3261029824
339872
2626125237
1512822211
1160511223
5471533241
1485360000
201326592
1512808393
1160298324
3635339
87771822
1160478510
1160482050
1084753208
1160209018
572261448
1542643200
523090
683853
2903226445
6526564782
606194
1512799715
1711154535
453155
20140803
87771822
1160219127
1341857848
8592126827
2449612901
1544544000
606194
1160325606
1160502551
3261029824
1137374781
1160216849
3934363230
1960887166
7988327
1160298584
1512875148
2397731114
1160503849
683853
3427559814
1806111111
572000
1160287787
1160507447
5586124
34412951
72696573
271552
1545729635
1512808393
3151190331
1512816926
1298446325
1512810046
1512795320
1160244524
8948284
2764836124
1160244402
2891810930
1160342339
1160490035
1160478510
6445127015
1512883533
1084753208
1160503948
653628395
6668999
1512881589
1550206011
1515153402
9162992
1512882500
876485
1100018
6526564782
9818732393
1010007
2955139947
858698834
301989888
1512881487
1512820979
94988922
898702
1444968493
2230300
1485360000
1735660800
3139393731
1160291756
9803330
1512788000
1512797677
1160243825
1160517493
1021115679
4929615026
1160322580
2903226445
1661816820
821000
1160259454
951130
1369815402
1512810015
1512883435
4605012
1161076662
1160468391
1136511050
1173946209
1512881209
1160290784
6878935
422944012
1545548809
945236
2943809801
1160286416
1160292673
16082431
4333403
1160216247
7863677375
364537
1160259042
1512970682
1512316800
5471533241
1512883583
1644905863
1160298199
678985523
1512794215
1722923475
50469544
285014
1426987382
1512884994
164243
1160780462
1512883739
1160290563
957692
201326592
7385757
5565310
1160321113
1512795748
1512882381
1536595200
1895798406
723709
1512875932
1160255798
1160483028
523020
66798649
1512788081
46083972
6838302
1160286228
1160308436
1160511824
831510
1160310724
1512881259
1512877904
572261448
89221129
1160479118
1516550400
1160216892
1517658534
199716
3635345
1673450172
1160298324
3631333134
5587420136
1160288703
1403532782
6568797432
1160244292
1160210820
209715200
1160238549
68891644
1160238835
1160502356
73531301
1512799826
407818054
1512815231
385875968
9231261314
6861707079
1167211968
3932333132
8600932578
7626737
1456502400
1512876141
109270
1644928
1390029904
838235198
1512784748
1160305986
4535288901
9035033
1512795913
1514955376
50000076
1160247916
1160489579
2747195532
419650
9047295
2999050600
1512876192
1301081196
895455
1513063484
1160309551
1160482050
1160245004
506331
1547568630
1512872105
405238
911374883
1160503447
523010
1512881614
1452268800
9516217
1160214953
1390223844
1070002
936058
6231313733
1160209018
1160482832
2936180679
1518074420
354328
2489582847
1512878020
1160242833
1443571324
1120017796
523030
345685
1512788646
1542643200
742637
642948
1451750400
1160303140
174696
1512799715
1160217138
1529856000
593925
1545352889
477927812
2551662275
2435723579
487243257
1567569882
1512874984
4517508
1539014400
5348879
1160347631
1512822211
1512878076
303096360
1160281839
1521408905
7537510
1512786373
1544781024
1512788012
1160511620
1160506967
4767204
749868
1515168000
523090
787171
1160219203
1437499
1160234487
901798
1512808087
1475856000
1000134
860770
766367
2659611
1527350400
906345
1160490255
1512788666
8393939
1490499528
540699
1160205991
1512872144
891828
1160318807
7662696
1518019200
1160511223
1233525048
1160213970
2626125237
1160230425
1160251527
1160468261
1493037322
1160211226
1160512454
5338019
906665
1396368
2210002
1070002
1019001
220012
2270026
258048
1049003
2140006
333333
1170003
2130008
1835008
123456789
1049001
4445535400
1211057
2270017
12488145
4838100
13962816
516599
1170001
2270019
2523011
1170004
1001714
314406
2190008
1049002
1019003
2270028
20121228
1170002
210009
2540001
1170005
2220013
1070001
503316480
1048576
1019002
999999999
3110003
456789
676767
1541405717
999999
20131101
20111221
1040005
20131113
1040014
1541405720
201201114
1000000000
20140602
1541405719
1040006
731015
1541405716
20140529
293546
6221178
1541405718
1304281731
20130917
20120126
1040002
456789
456789
1233246365
617959
5972210401
196734635
47102851
7467767
2449612901
906794
60700077
994857
5973529724
140608
9794344
3234253
1039245
134954776
832393754
1226657707
410491
323634
6313130373
3904522
5881679
4134970
1545494400
3942986838
7869616
473920
1233229288
1737332938
5984270716
727810946
1185682
4737061727
3828154837
5984458509
5983664496
473809
3819066273
1953888610
1101811954
5122936917
1230201906
5536985834
259892
1349540923
792766
1233228859
74536687
1162490783
8447264
695804935
581632
5128943840
1208088372
703908
5984271440
5984234265
5978515870
908525612
960510907
6368756962
28748731
1233244046
89191100
2884627068
1231881820
473943
5433211
3523817770
779653
5981286840
117939475
562843568
7082938
5981268728
5984436851
5852618943
3390826328
5620424
1233212591
5984217172
5984383466
3705761524
301989888
2998860230
986046
123624
5984457062
1269467460
973478782
1075805
900748718
1735660800
1233214398
5896460505
5520459893
2997948322
6387136327
6892579
9019572579
6213535
1007890
93901203
303950338
821000
9123230180
8589143849
603738
5984014702
259890
62534349
1233246458
3920908510
2500956853
5876899
676416
5984221695
5964071816
3668380
126373
64742745
124892394
48540923
345982
630707
30102004
19940821
4827396
5863192199
166124
993083
5983089326
93932813
1545352901
856265220
26119984
702570
137001
93901213
6772616
125371
14479434
1072564702
814579
1233052982
902004
140788357
1305151
1230452189
5124671526
1326438790
201326592
13937947
320442
6043956
258556
2138939982
1232794801
1231254184
5956255233
6738343437
5984434060
6994380
60923389
5984270651
5984136708
469501
1550120409
801001
1864157427
5984381755
7082838
749362
47412409
32267260
882000
1233245864
260116
898666
2083372
1233156329
1233236866
3836105
5369720933
38091851
630632
3200641
269759
3934303832
1228102416
856268304
8202856629
5983792111
6110717
1233250061
6059252
1233237162
3536383839
209715200
586836
200140
8677782901
6163333035
6371713139
1233246634
925655
1233246390
1233219836
1233211950
7351279
5983697571
3234453872
6609521
774310
3942145858
78065387
6474724
5946981827
764877
29972306
6337557235
5939907171
472019
6874452
5482377451
70828380
1233184357
465630
603926
291705
1233244345
1883472477
864406
3358306
1850690914
50000076
4462309
8026069
11385343
1275466725
183012
911517
218209
166579
6164616
1233246346
9627737056
160924
5984437666
5237623173
1159552096
8065380
1233201003
1232879746
3387443
701689
5984251508
828381
1222052157
3289666
390760899
5984226603
1653851747
549565
5746035013
59522720
1233246495
1233245537
841433
63937930
326963
462051
561879016
3671522239
880902
49540923
756291
3939393732
1072567902
1561354168
828818716
337479
260111
259947
92327467
5962200932
158138
5984425536
286127
1072952011
5984437455
1545352900
752482
9390156028
432534349
664034
886181800
5984455815
523030
5984444130
3809032303
259663
1612500637
8776110717
642948
13870755
1229546883
4584608
328148
60828381
312124
5933381000
8913952796
5984331619
1582004
5981846253
241013879
490968901
516759
259898
297924
79317574
2119313
5984434948
660598
34588281
1224905044
4773912
1216217645
2756970585
5122922147
5984437905
5983676824
618972
1233249622
260124
5984452847
753401213
3423038
2466199071
1544781024
5377008475
1232797451
8850148
3401213
5974654988
1587109658
1233140354
677107
1233247638
415639
5969997180
5516633944
5984334341
1233249128
9390156578
7119862885
1233138479
395293
5984432185
5973497166
848978
1233249828
450352
3330059
764850
3668241
66464646
259965
5984437109
846939
378311
80120539
1232407403
688914
32343136
5984438478
5984436960
216378
4633384153
1233216922
3268761828
1233246016
78065380
709999474
4462343457
1233246538
5464722
5957377246
908888478
1229389450
5918760229
294733
8198618
5984423871
1954291804
1233219723
1233219734
185632593
110516
4339257
621617
2100001
1644928
642948
396383
748371
3998195301
301989888
457153
166468
606194
201326592
50000076
1545352902
2230300
2502442141
2804465
456789
2265100
1396368
1070002
1090001
2160001
2260001
1090011
1080001
952713
360007
999999
1090006
1100013
2190005
1090002
1170003
1100019
952709
110000
2270006
1100016
1990055
2270051
1090007
1080002
99999999
1100015
5151999
952711
1090008
1040003
1100135
952724
13962816
2270047
2270044
2270018
2270001
952712
2150040
1170001
14010902
1090009
1170004
1040011
2320007
1130036
2270015
2270005
1090010
1190001
1100017
1090003
1170002
210009
2270004
1090004
1100003
1090012
1170005
1070001
1100001
952710
2270050
2270049
1100002
1990005
1090013
1090005
1100133
1140001
900006
140009
150005
2055416079
900001
140004
523029
1012112
333333
1990055
100001
1229531648
140001
1040020053
1184636
120002
13858272
2390001
2916765309
239001
3145728
1165519206
125500
140007
1040020084
900005
900002
900003
100003
2150040
1354692093
100005
2280003
140003
140006
1296891946
9762999
5230100
140005
140008
900007
2390002
210009
150008
5199130
100004
160002
1040020075
150017
2280002
140002
2097152
100002
879148
900004
882016
999999
2190007
2190003
2260001
2130005
220012
2130009
20140803
523030
952713
1408032
1110003
2190005
1110000
220013
2130001
952709
1110001
1110002
110000
2270051
2130008
2190004
2130011
572810
952711
2130012
2190002
13962816
2270047
2130014
2270044
96641000
952712
220034
2320007
1130036
2270015
2270012
2270005
2130007
2190006
2190008
3250024
238009
220015
2150041
210009
220035
2190001
225001
3472422906
670910
952710
3199708402
88888888
2270050
2251009
2270049
238010
801721000
456789
806538895
5984057038
1232883113
20140803
1553375722
1550315695
1548392281
687756
181802
1232923659
1546242425
39345223
1549416994
5984418827
1231483042
2848820979
1233194478
1204513341
8592126827
573466
1546682307
5165984593
446237
1553565
1545131443
1545204018
32210565
5980805072
9794344
3456252309
5448825799
3234253
2358350786
1039245
2194328852
145669
410491
1233136699
790529
1545200352
5982090145
41887388
746906
954685141
629425
1553245731
738908
4134970
6246960
1545494400
3610421190
5984432056
805157620
1467565783
1233221971
60595245
63787989
5982130962
5983651826
5013025064
1547873578
1185682
2489429138
385343
1546769242
1232798150
556875
679994237
2074047390
1549759773
1546299574
9174810
1547529119
1154282102
1545627146
585940
6154535291
1548594887
72153174
3736303835
818782
1232416211
1545212309
3159334501
5981291892
1597311709
119999989
9504217
906038908
5984098378
1545352911
259892
1349540923
1517513657
792766
695804935
1546432077
581632
391189070
5978583352
5983748331
5128943840
703908
2697989
10866131
1232736207
195071
1632524530
972306
1582552656
5144767951
2953615
136127
1232916699
1552148755
1546836247
5846016776
1232913601
1547310838
5980888263
1549004939
1546682304
1548744452
1550021570
5433211
289979
1553245801
779653
5984006185
1551662452
8198718
1232809508
5982135663
1231357712
814002076
1105850445
4966909
5984436887
1232900465
3459456879
72534349
1545548818
1545200875
3705761524
301989888
1233243200
916532949
123624
228922
1523210
499182
1233111121
1440291403
3449972
1233014685
5984430914
143605
1075805
1233012149
1232906472
1735660800
2387225378
9803330
1545203340
1233020871
5982012312
1547097390
638728
588860000
5984011211
1545144859
892994
3280560352
1546405752
1233014816
1233245310
1546828457
31313234
3793108551
1545250341
1550464820
587899
319380291
5981369155
98326108
5984186053
5984378543
5628535
2448500572
6892579
312824
1411648766
1007890
5919043697
1233245514
1546679582
1545216841
821000
46102841
1526971454
1233032492
603738
259890
4001601317
2862433803
1010112
1369815402
1547823696
1545136547
828386858
886139559
14892778
5983674390
8031303036
559252
24525313
1545131415
1369093495
1233130262
998149802
1006760857
1546483522
1233227846
1233216332
676416
912019
806663
1545202339
1038534384
5981513380
703821
1639195530
7854564
1047875891
910517726
345982
18083309
1548304534
1233242442
1062589218
5858514024
1008344
4827396
1230965097
993083
869276017
540923
1233236323
1546421831
1545898733
702570
9390113188
1545200287
93901213
414348
125371
501338744
1545188525
1548218003
1233246353
5971733583
377014
1233183865
252450
13632762
140788357
414201767
5981340601
1305151
1232744285
7987136327
1233219245
1546483788
201326592
6059242
117607028
1261901666
1232833404
5983619608
1554186360
6043956
8962010
924707
1233015868
9128180878
1554186524
258556
91979693
8257701
5954687496
117400
1232947231
3891709234
281668380
1363274
1549435644
59889752
1429754794
1545141133
30788420
1546682300
2834349
1373149542
990493
1547935659
1550315706
5984325000
1233096930
5984413834
3131302454
1547527322
1548051064
1230503342
7082838
8425381
7975686
1526971295
260116
7912396
2083372
4900548091
5198618411
1545218324
630632
622762
1866273558
348230
5981873554
65418271
1547288662
4361707269
6059252
5970776821
1233227079
37869616
1526971635
209715200
75644588
586836
2665250997
9697768
596827
1056475621
1545352910
379310
1233190073
1545806032
836973
925655
1232850232
1301945527
3359425899
1547773265
912806
10860424
2555844910
7351279
1229171436
7768656865
75160924
78065387
3201124
6474724
256701
2085125790
205684847
1010006
6874452
1233006277
291705
864406
50000076
4462309
1232913548
575446
8026069
405575659
11385343
1545241200
1232805276
1233039535
435241594
5977070102
1546680313
218209
5967786399
1546145462
1553500
1545199001
9399222
3085565
1545211634
1232941180
1546749136
1232335852
1550315715
2834359
1232917342
829053528
796007
44801001
5975222385
5269712938
1232215628
1233183179
79545508
5984424977
701689
1233139988
1056173301
6170697061
828381
342807275
809016
545901
2815877289
8065381
3605991
1551434
3289666
817275
5980812666
5961520498
1233059609
157910847
8942321
1546010330
122797546
812148327
1233150639
4294967295
813268517
841433
5979171796
4173685468
825285691
1233230971
1233207658
5983463218
1442482931
3178643627
716802
462051
1546756764
1548938926
1546412818
9670316
1323056796
2510879143
756291
1546765935
1232809645
3809124543
749136100
260111
1548594878
259947
1545921890
1547061124
269758
1549682375
790238
1233018827
752482
5152194819
49641086
664034
1233125193
1233215408
9832610
1233048637
523030
259663
1232733131
445520
5982346603
252462
642948
9230140
1545318374
87942777
4584608
350352
1553505
3642003514
137077
1554704660
328148
1546679581
60828381
1231963634
1548051063
1545208920
1442482939
5969251763
17119313
1660383778
1438349
944517910
1582004
1554186412
6217964251
1545222305
5984247423
1548938965
1545416663
259898
4462308
2119313
5984319786
1430794372
1547529345
1547270207
1546150532
1545188819
4773912
5981370129
1551069107
70828387
1233016906
551463
1467565757
1233038165
1232497180
1233132415
982261031
1545272712
256457675
618972
260124
5983603559
1233103390
821724
5984241151
908713271
2915495545
1544781024
3178630713
1232981399
1232990729
1550553286
6671138
1548938980
5980827044
808830
20170925
8051576201
1232734205
514260600
912018
7061726461
286227
6838535313
1038247
1547009299
415639
5088641258
1545184054
3909764320
143578
8794495
70828381
3906041883
395293
3909338
1545201393
848978
75736830
1233195662
708973047
5981624745
929263
3668241
1546010339
862853592
1545408000
259965
1576375965
846939
1228709074
723555281
9291377
5977952122
1545702796
1545306580
2770141412
1232911041
1554608544
7257665
216378
136327
683856
1010004
970422262
1232933090
5977949637
78065380
1010125
1547354093
5464722
1233244246
827710
171698
1828912908
3178642157
703918
5984345478
294733
1467831600
1349544745
1560153666
1233022256
1545196066
1548756344
1233051592
994717578
729109445
5984285799
5982057055
1205663997
1232991370
3507298
1545208938
1542283378
1070002
1540896665
19000000
8521687
1545208945
1545208939
1402293900
1021504331
5514224
666666
999999
333333
1235986511
271779
134136
1545103575
271486
5719816
267153
1545293830
1543520281
1443190579
614521
330196
238991
435421
1444062497
1545198558
309158
4403050200
1511840150
628794
191338
1528967123
493719
266732
271810
1545277100
493911
1233676299
274053
191100
393765873
448165862
273923
1545281522
1545187105
270660
1543912254
166130
988324
684209
1545086881
1361571064
126748
1545189079
271982
1113268900
877094
1532066101
625049
601005
1545115561
1326729125
352999
493357
1304987143
274040
1545190598
1545016562
1205376082
440948110
266498
1543298882
1545284911
1545189444
186666
274035
370139302
8709173600
333206289
1545189084
338083
1544675226
176921
668920
1179626711
226381
1542268441
102614
1544536201
612107
344009
1524063001
1544324900
1545188909
1545115877
1544065801
1543999861
825282
1545293836
1321803705
1542621732
4403301900
150672
1545233641
135175
367031
624910
1545291365
493103
1545269168
1545190492
166097
1541647235
260040
1545157081
271643
534494
1545244321
1538098624
996509117
731871690
166270
274046
811083
1545103954
821096
1251919029
452186370
630169
271640
520047
271534
804501
1545277457
1545202617
272397
262670
524692
1545100802
1232131998
1042545880
1515581221
1545102841
102434
274041
515561
1545278282
1545112441
1545252051
1545188401
425349261
253637
1521625241
274054
1545190491
5466121
1545189116
1533000961
1545189144
1208561922
1545298798
461703208
1545096006
1444995576
678581
968127
273796
975372
272995
691666
1544756740
682303
1545277101
1545103799
1545112477
381763833
274036
630193
1545112459
819337
1545300223
226567
1544512681
271105
150879
1545103461
147409
778041
740132
273049
1142110895
1545009711
1545202751
150660
270173
1326735015
1393854699
1425793208
444934666
376343878
979843190
1544757835
362466
155420
1417818757
493722
570851
266000
777348
1278800970
382201985
1435899684
1545112561
416737
446324234
492821
994616
495735
481431
1218109599
1313178652
274048
438052
1545189460
940547441
225623
1543485510
157864
908754
224842
609113
1545112526
1545188429
988593
1539340801
274030
1544757048
274033
1543485497
1544069299
1442188463
655586
1545277082
1545190599
203063
273015
434481
602554
274044
1545277102
906936224
1521508321
1533710338
342173
1543536481
1176381431
339449
762550
947788
151375
271757
271432
207755
1516191655
274047
1274270222
1545187091
122618
253392
1545277465
1261766158
472208016
270029
929971
1545204503
1018747351
245671
387161
492696
348932
1545204498
1536057553
886398
1372837123
878845
221036
1544756757
1502452749
1545187441
274042
151320
1044283059
1545293810
274051
493114
174103
274034
140918
150087
387682726
270845
1541386577
1046846443
493915
271510
1471914381
1545185401
149662
272674
558901
172685
108696
851438
1545181990
493101
269370
743265
1545188281
493350
1544850679
1545103801
274065
1545198542
1545301336
1545124441
1544490481
1436293486
601453
1529545441
1545118904
103966
138749
1340082291
167873
167993
409973
492918
1545209056
1545118193
1545279316
1540749481
1512557137
178832
379395415
1329910846
887371
1544757071
1276495100
1062508266
749707
116406
613767
1545103442
919016
1545112577
1437517055
493898
1545182641
227070
150377
1541734321
1545279315
1163163344
419237
1007001001
20131111
959595
1545208940
999999
413631
1050001
565656
1000000
626262
404040
1542283365
707070
263085
540305
276033
539259
100000
616363
545454
454545
20121228
7914595
3650378
20120720
323232
141110
484954
453155
20140803
87771822
1160219127
1341857848
8592126827
1544544000
606194
1160325606
1160502551
3261029824
1137374781
1160216849
3934363230
1960887166
7988327
1160298584
1512875148
2397731114
1160503849
683853
3427559814
1806111111
572000
1160287787
1160507447
5586124
34412951
72696573
271552
1545729635
1512808393
3151190331
1512816926
1298446325
1512810046
1512795320
1160244524
8948284
2764836124
1160244402
2891810930
1160342339
1160490035
1160478510
1512883533
125500
1084753208
1160503948
653628395
6668999
1512881589
1550206011
1515153402
9162992
1512882500
876485
1100018
6526564782
9818732393
1010007
2955139947
858698834
301989888
1512881487
1512820979
898702
1444968493
2230300
1485360000
1735660800
3139393731
1160291756
9803330
1512788000
1512797677
1160243825
1160517493
1021115679
1160322580
2903226445
1661816820
821000
1160259454
951130
1369815402
1512810015
1512883435
4605012
1161076662
1160468391
1136511050
1173946209
1512881209
1160290784
6878935
422944012
1545548809
945236
2943809801
1160286416
1160292673
16082431
4333403
1160216247
7863677375
364537
1160259042
1512970682
1512316800
5471533241
1512883583
1644905863
1160298199
678985523
1512794215
1722923475
285014
1512884994
1426987382
1160780462
164243
1512883739
1160290563
957692
201326592
7385757
5565310
1160321113
1512795748
1512882381
1536595200
1895798406
723709
1512875932
2522557791
1160255798
1160483028
523020
66798649
1512788081
46083972
6838302
1160286228
1160308436
1160511824
831510
1160310724
1512881259
1512877904
572261448
89221129
1160479118
1516550400
1160216892
1517658534
199716
3635345
1673450172
1160298324
3631333134
1160288703
1403532782
6568797432
1160244292
1160210820
209715200
1160238549
68891644
1160238835
1160502356
73531301
1512799826
407818054
1512815231
385875968
9231261314
6861707079
1167211968
3932333132
7626737
1456502400
1512876141
109270
1644928
1390029904
838235198
1512784748
1160305986
9035033
1512795913
50000076
1514955376
3821129688
1160247916
1160489579
2747195532
419650
9047295
2999050600
1512876192
1301081196
895455
1513063484
1160309551
1160482050
1160245004
506331
1547568630
1512872105
405238
911374883
1160503447
523010
1512881614
1452268800
9516217
1160214953
1390223844
1070002
936058
6231313733
1160209018
1160482832
2936180679
1518074420
354328
1512878020
1160242833
1443571324
1120017796
523030
345685
1512788646
1542643200
742637
642948
1451750400
1160303140
174696
1512799715
1160217138
1529856000
593925
477927812
2551662275
1545352922
2435723579
487243257
1567569882
1512874984
4517508
1539014400
5348879
1160347631
1512822211
1512878076
303096360
1160281839
1521408905
7537510
1512786373
1544781024
1512788012
1160511620
1160506967
4767204
749868
1515168000
50469567
6514777701
523090
1160219203
1437499
1160234487
901798
1512808087
1475856000
1000134
860770
766367
2659611
1527350400
906345
1160490255
1512788666
8393939
1490499528
540699
1160205991
1512872144
891828
1160318807
7662696
1518019200
1160511223
1233525048
1160213970
2626125237
1160230425
1160251527
1160468261
1493037322
1160211226
1160512454
5338019
906665
2528759116
1545352928
4216460901
2566426
157747
1542283377
201408
201411
20131101
705107
201409
1517377682
2691532
5515163
1543234501
7229929
201407
193730
20131113
1517377681
974200
201201114
280480
686869
20140602
201401
408333
989898
430234
1542283383
201412
20140529
201406
4523044
201405
813181
303133
201404
201410
201403
209013
1541405718
201402
20130917
20120126
814350
689430429
5835371578
1545124396
2532110719
7892510
604934
2501933226
2134174
1810622
642948
6059252
458868
1545125379
2033063140
60327360
5628535
35548875
166468
806538
606194
821000
974676
837257
1545124315
603738
1545123617
9773912
3612387
115761
8910107
47515856
1795651
914253
821511
348234
1545123881
780497
110516
198618377
211158
5905742974
1545352932
142558
1754195522
5232211527
17537508
129800
8950041
1644928
66279633
3696565212
5964071816
1349814
5811506424
5328890637
939016
618972
1463301213
5293202497
936954201
7154535293
6956523621
5982874069
5941391694
5817825886
50000076
820125
504049
1017331
544389
820200
529822730
696861696
3401213
175994
24402594
886569
2804465
7937292
3771993
5981186834
3305742442
332146
977391253
960363
543521
621617
65348618
37676788
6240812634
618809
21192138
1545208849
5610662138
396383
1725736
5790994716
6448027
5949966608
457153
1213283231
5975745090
413490
3232353035
348985
5122620262
201326592
2843379
558306
860770
1795654
5033390373
1185508
1231333937
5980682458
240867
4031574734
435032
2449095
22611969
671531356
713353
5757349508
846204
5927761323
4894689021
731470
907171330
5941086724
61349546
376163
2834349
1397225056
1560023
819861896
9353032038
9183806
5004462
5215260742
301989888
950352
840273
3441566
5485518760
703918
8198618
5949712637
2230300
6968656
283413232
203412
20130803
906665
374265
33042113
63004442
130333
5702653
777556
53042615
193006
110000
37042653
3704615
601569
891088
37026613
57042115
374263
370226137
80888333
9820000
670112345
370426153
37046153
3355577
956540
830000
655555
123069
878284
9210444
57042613
5702613
922468
179079
770426153
887615
964562
3300022266
444999
5304613
333555
3704263
3742653
5304215
134645
1999888
